a <- 1+1
b <- 2+2
c <- a+b
c
